4478
4478
4478
6144
6144
5698
5698
4478
4478
4478
4478
4478
4478
6144
4478
5089
6173
6194
6137
6173
6137
6194
6144
5698
6144
6144
6161
7273
7273
6144
6161
6144
6144
5005
6144
7273
7273
7273
5005
7273
4671
7273
6137
7273
4671
7273
6137
7273
6137
4671
4671
4671
4915
4671
4915
6137
4915
4671
4915
5589
4671
5005
6191
6137
5589
6191
6137
4915
5589
4915
4915
5589
4671
5589
5005
6137
5589
6137
5589
5005
5005
10063
6189
5005
5589
5698
5589
5005
6173
6194
10063
5005
6189
5589
4915
6194
6196
6199
6173
6194
